214 260 763:2417:846 552 1019
195 385 778 961:1744:354 312 816 262
12 328 871 934:2312:462 504 1016 330
282 359 715:1117:279 528 310
16 586 785 898 975 1368 1551:4992:1149 568 684 522 1128 710 231
151 557 1299:1406:582 272 552
128 224 540 667 1276 1336 1453:3810:106 346 153 798 429 1356 622
803 1346:1642:702 940
258 1147:942:516 426
308 475 1130 1350 1440:3239:872 783 465 276 843
497 701:898:748 150
248 354 760 774 1222 1430 1502:5723:344 1125 561 735 490 1344 1124
1234 1505:1324:224 1100
27 110 366 610 843 1065 1381 1419:5462:795 705 708 908 882 564 651 249
638 1191 1347:1895:944 420 531
16 216 326 409 925 1291 1314:5465:1532 1080 494 1173 304 690 192
157 284 480 540 646 657 890 1399:3796:885 396 676 153 384 424 522 356
128 404 544 854:1792:212 375 885 320
747 1070 1236:3113:732 1053 1328
573 1182 1255 1498:2375:1017 420 248 690
279 606 623 895:2046:846 530 540 130
393 853 942 1535:2276:448 776 468 584
749 1358:1641:801 840
892 1003 1086:1617:546 312 759
35 445 851 1483 1520:3690:663 692 1003 639 693
75 318 512 668 867 1394 1450 1471:6532:204 741 1096 1572 564 505 1385 465
388 1324 1358:2328:705 993 630
222 266 1108 1551:3672:1580 810 819 463
130 910 933 1089 1172 1393:4822:669 736 1352 494 831 740
68 390 557 973 1156 1432 1522:4158:1068 1122 272 268 546 540 342
204 1513:1050:480 570
473 1515:659:219 440
329 1111 1272 1455 1531:2613:522 234 744 1011 102
69 306 340 356:2842:930 1188 252 472
133 200 337 753 1063:2389:280 795 300 378 636
227 670 942 1275 1312:2373:594 537 702 234 306
455 622 705:1179:672 243 264
645 678 761 1017 1267 1367 1394 1504:6739:664 1107 509 1156 640 1428 759 476
619 642 902 1397:2072:900 498 388 286
49 536 1351:2061:1014 546 501
217 727 756 1366 1426 1543:4618:272 573 803 1104 1122 744
24 257 833 893 1210 1339:3587:865 159 956 364 850 393
398 458 575 808 903 1346:2928:160 450 562 278 1008 470
80 323 556 778 1095 1132 1165:6149:1089 1400 1300 816 316 664 564
263 546 633 1099 1255 1548:3360:760 834 222 972 372 200
110 127 197 813:2651:705 348 1164 434
268 634 657 917 1117:3515:692 759 636 336 1092
199 211 378 388 1254 1447:4373:501 1088 222 940 734 888
149 428 1224 1237 1297 1403 1487:4547:747 268 372 825 830 1220 285
376 493:1737:681 1056
1294 1483:1196:344 852
258 624 907 1061:3874:516 984 1710 664
468 541 844 1273 1356:3569:522 752 662 993 640
147 224 617 823 1179:2976:256 519 463 686 1052
1312 1382:1216:765 451
767:434:434
121 398 487 554 1080 1342 1496:5334:894 160 1040 942 438 1119 741
28 381 437 547 631 887 1130 1363:5375:1173 699 591 462 312 720 620 798
56 213 778 1061:1900:142 112 816 830
432 736:1579:940 639
349 559 765 1075:2108:468 756 576 308
143 653 682 969 1291 1325 1352 1468:4713:492 556 244 704 690 715 1060 252
551 751 761 967 1277:3013:963 657 509 122 762
441 884 1526:1223:113 780 330
265 654 698 908 914 1208 1357:5472:722 868 932 276 984 1148 542
9 99 692 1108 1291:3162:726 944 310 492 690
467 696 833 856 900 1116 1409 1559:3987:762 216 717 717 372 505 212 486
88 410 470 587:3279:344 504 1450 981
27:1060:1060
44 127 348 627 1205 1423 1436:4028:1172 348 492 509 520 711 276
672 789 1022 1531:2332:1002 724 453 153
27 33 1375:1629:795 408 426
260 470 536 676 986:3837:736 869 546 986 700
4 54 149 299 592 1235 1279:5524:728 1172 996 672 496 276 1184
258 324 461 661 877 1187:3487:516 591 544 702 474 660
442 598 798 1324 1380 1447:5724:672 608 1084 662 1810 888
914:1230:1230
459 1274 1530:966:192 393 381
140 650 1289 1349 1465:4229:728 620 605 1160 1116
743 756 766 816 922 1006 1226 1505:6301:384 1340 186 458 518 856 1184 1375
144 354 398 680 820 1269 1390:3103:204 450 240 441 210 794 764
306 545 955 1338 1348 1554:4978:1584 434 766 444 988 762
346 422 816 999 1022 1377:4749:424 1468 1145 542 604 566
586 896:962:426 536
29 305 395 461 1121 1243 1250 1403:6053:712 1356 888 544 1161 472 432 488
32 289 1134:1347:572 411 364
608 947 1197 1324:2317:204 195 1256 662
61 217 783 1066:2181:148 136 741 1156
340 643:741:189 552
257 673 983:1448:106 1096 246
223 406 773:2216:1276 656 284
31 1119:1888:620 1268
337 404 614 620 774 1529:3875:225 375 1512 292 490 981
362 1138:1282:794 488
17 300 349 439 445 595 888 1531:6870:1196 1176 936 1400 1038 568 352 204
480 553 962 1345 1368:3810:507 573 561 1104 1065
476 1185:1133:728 405
259 488 692 908 1201 1251 1351:5018:570 1036 620 206 1011 1074 501
1045 1382:1931:1480 451
7 236 279 562 1115 1271:6042:1044 543 1410 295 1000 1750